# Unnamed
#AA,Beta,Periplasm,Membrane,Inside,Outside,Signal
0 E,0.0,0.0,0.0,0.97598,0.01331,0.01071
1 Y,0.0,0.0,0.0,0.97598,0.01331,0.01071
2 I,0.0,0.0,0.0,0.97598,0.01331,0.01071
3 L,0.0,0.0,0.0,0.97598,0.01331,0.01071
4 E,0.0,0.0,0.0,0.97598,0.01331,0.01071
5 S,0.0,0.0,0.0,0.97598,0.01331,0.01071
6 G,0.0,0.0,0.0,0.97598,0.01331,0.01071
7 A,0.0,0.0,0.0,0.97598,0.01331,0.01071
8 V,0.0,0.0,0.0,0.97598,0.01331,0.01071
9 V,0.0,0.0,0.0,0.97598,0.01331,0.01071
10 L,0.0,1e-05,0.0,0.97598,0.01596,0.00805
11 S,0.0,5e-05,0.0,0.97598,0.01955,0.00442
12 D,0.0,0.00018,0.0,0.97598,0.02193,0.00191
13 K,0.0,0.00051,0.0,0.97598,0.02351,0.0
